A*x = b
Shape of A:(64, 64)
 A:
[[ 15.85685488  -8.2509762    0.         ...   0.           0.
    0.        ]
 [ -8.2509762   24.1951094   -2.14562755 ...   0.           0.
    0.        ]
 [  0.          -2.14562755  23.09830787 ...   0.           0.
    0.        ]
 ...
 [  0.           0.           0.         ...  72.56068093 -15.9067671
    0.        ]
 [  0.           0.           0.         ... -15.9067671   35.23781852
   -3.48197446]
 [  0.           0.           0.         ...   0.          -3.48197446
    9.7747983 ]]
Shape of x:(64, 1)
 CG x:
[[ 102.29400622]
 [ 120.52683979]
 [  70.40529943]
 [  68.49563394]
 [  99.18199048]
 [  72.76856972]
 [  77.47624021]
 [  35.80791903]
 [ 119.39702208]
 [  75.03324137]
 [  68.89680626]
 [  32.72425518]
 [  89.31280101]
 [  88.92310045]
 [  48.53022024]
 [  76.31625404]
 [   6.70888041]
 [  25.43513547]
 [  83.74008967]
 [  31.7309626 ]
 [   3.18986266]
 [  35.22286876]
 [  19.87645611]
 [   4.64667538]
 [  32.28589147]
 [  -5.76421816]
 [  73.52509108]
 [  41.23183633]
 [  24.41530361]
 [   7.97746728]
 [  20.3503628 ]
 [  23.11224638]
 [  36.69426749]
 [  43.65828102]
 [  30.6354302 ]
 [   8.10925865]
 [ -38.25434035]
 [ -49.12778265]
 [  -5.18859928]
 [ -16.11681592]
 [ -39.77625582]
 [ -26.79068862]
 [ -26.94525261]
 [  -2.48737685]
 [   9.81951498]
 [ -70.62253987]
 [ -97.48096355]
 [ -34.2299793 ]
 [-107.53937183]
 [ -98.30380659]
 [ -83.88381918]
 [-121.16482027]
 [ -96.15629494]
 [ -42.38701505]
 [ -70.35377498]
 [ -95.87563963]
 [ -18.25577598]
 [ -79.48963543]
 [ -99.81591359]
 [ -98.07524839]
 [ -58.13179161]
 [-116.36292243]
 [-137.9581658 ]
 [ -71.91727309]]
Shape of b:(64,)
 CG b:
[ 1.58858957e+02  1.07544114e+03  2.19414705e+02  2.43983221e+02
  3.85158171e+02 -1.62483939e+02  5.17274491e+02 -6.98057013e+01
  4.36928582e+02 -2.61881284e+02  8.08415465e+02 -7.34807748e+02
 -3.38164882e+01  5.68010105e+02 -3.79508215e+02  4.65119008e+02
  4.12831493e+01 -1.37555431e+02  3.33457636e+03  5.73961280e+01
 -3.35269992e+02 -2.47521479e+02 -3.30852320e+03 -6.87889838e+02
 -4.59559738e+01 -2.67629029e+03  3.98494097e+03 -5.27581514e+01
 -3.15400872e+02 -8.73689471e+01 -6.98264317e+02 -2.54563393e+02
  2.16256557e+02  1.69738002e+04  2.81177198e+02  1.40777042e+02
  7.99983447e+02 -1.61879378e+04  7.51605691e+02 -3.87211097e+02
  8.91461302e+00  1.45677510e+02  8.25995334e+01  8.04506461e+02
  1.99158015e+03 -1.64142780e+03 -1.07802905e+03  6.69041260e+02
 -4.97377954e+02 -1.13660175e+03 -1.54510074e+02 -5.93920948e+02
 -1.71340983e+03  1.38151149e+03 -5.23071980e+00 -2.52657309e+02
  3.03712724e+03 -1.19373460e+03 -1.28885450e+02 -3.94780530e+02
 -3.66904875e+02 -2.06249584e+03 -1.20290048e+03 -9.36774997e+01]
Shape of proveB:(64, 1)
 CG proveB:
[[ 1.58859038e+02]
 [ 1.07544121e+03]
 [ 2.19414743e+02]
 [ 2.43983183e+02]
 [ 3.85158114e+02]
 [-1.62483849e+02]
 [ 5.17274562e+02]
 [-6.98055996e+01]
 [ 4.36928711e+02]
 [-2.61881342e+02]
 [ 8.08415347e+02]
 [-7.34807758e+02]
 [-3.38164919e+01]
 [ 5.68010314e+02]
 [-3.79508272e+02]
 [ 4.65118904e+02]
 [ 4.12832155e+01]
 [-1.37555519e+02]
 [ 3.33457634e+03]
 [ 5.73958771e+01]
 [-3.35270114e+02]
 [-2.47521360e+02]
 [-3.30852318e+03]
 [-6.87889698e+02]
 [-4.59561173e+01]
 [-2.67629030e+03]
 [ 3.98494096e+03]
 [-5.27581701e+01]
 [-3.15400883e+02]
 [-8.73688793e+01]
 [-6.98264385e+02]
 [-2.54563489e+02]
 [ 2.16256650e+02]
 [ 1.69738003e+04]
 [ 2.81177122e+02]
 [ 1.40777006e+02]
 [ 7.99983534e+02]
 [-1.61879377e+04]
 [ 7.51605649e+02]
 [-3.87211283e+02]
 [ 8.91475763e+00]
 [ 1.45677265e+02]
 [ 8.25994906e+01]
 [ 8.04506371e+02]
 [ 1.99158020e+03]
 [-1.64142787e+03]
 [-1.07802903e+03]
 [ 6.69041331e+02]
 [-4.97377951e+02]
 [-1.13660171e+03]
 [-1.54510245e+02]
 [-5.93920860e+02]
 [-1.71340982e+03]
 [ 1.38151146e+03]
 [-5.23066062e+00]
 [-2.52657125e+02]
 [ 3.03712724e+03]
 [-1.19373460e+03]
 [-1.28885536e+02]
 [-3.94780379e+02]
 [-3.66904776e+02]
 [-2.06249584e+03]
 [-1.20290052e+03]
 [-9.36775504e+01]]
CG proveBNorm:11.313708498833126
last iteration: 38, residual: 5.934172140767847e-07