A*x = b
Shape of A:(10, 10)
 A:
[[ 0.55359154  0.          0.          0.          0.          0.
   1.         -1.          0.          0.        ]
 [ 0.          0.41927151  0.          0.          0.          0.
   1.          0.         -1.          0.        ]
 [ 0.          0.          0.26907559  0.          0.          0.
  -1.          0.          0.          1.        ]
 [ 0.          0.          0.          0.84217223  0.          0.
   0.          1.         -1.          0.        ]
 [ 0.          0.          0.          0.          0.86720796  0.
   0.         -1.          0.          1.        ]
 [ 0.          0.          0.          0.          0.          0.64816963
   0.          0.         -1.          1.        ]
 [ 1.          1.         -1.          0.          0.          0.
   0.          0.          0.          0.        ]
 [-1.          0.          0.          1.         -1.          0.
   0.          0.          0.          0.        ]
 [ 0.         -1.          0.         -1.          0.         -1.
   0.          0.          0.          0.        ]
 [ 0.          0.          1.          0.          1.          1.
   0.          0.          0.          0.        ]]
Shape of x:(10, 1)
 CG x:
[[ 9.30122438e+01]
 [-2.15548566e+01]
 [-5.96741017e+01]
 [-2.38810477e+01]
 [-7.63351209e+01]
 [ 1.01656909e+02]
 [ 1.26369250e+18]
 [ 1.26369250e+18]
 [ 1.26369250e+18]
 [ 1.26369250e+18]]
Shape of b:(10, 1)
 CG b:
[[-2.]
 [ 3.]
 [ 1.]
 [-2.]
 [ 6.]
 [ 6.]
 [ 8.]
 [ 5.]
 [ 8.]
 [ 9.]]
Shape of proveB:(10, 1)
 CG proveB:
[[   0.        ]
 [  -9.03733731]
 [-512.        ]
 [   0.        ]
 [-578.19842432]
 [-512.        ]
 [ 131.13148891]
 [ -40.5581706 ]
 [ -56.22100504]
 [ -34.35231326]]
CG proveBNorm:1.0080808201174432
