A*x = b
Shape of A:(64, 64)
 A:
[[  6.99293147  -2.60001469   0.         ...   0.           0.
    0.        ]
 [ -2.60001469  14.8075182   -3.5682613  ...   0.           0.
    0.        ]
 [  0.          -3.5682613   62.76015788 ...   0.           0.
    0.        ]
 ...
 [  0.           0.           0.         ...  21.64612946 -11.72812309
    0.        ]
 [  0.           0.           0.         ... -11.72812309  20.52520016
   -2.55736395]
 [  0.           0.           0.         ...   0.          -2.55736395
  304.21760701]]
Shape of x:(64, 1)
 CG x:
[[  13.01675221]
 [ 121.54895341]
 [  95.0868364 ]
 [ 114.5064417 ]
 [ 110.08140904]
 [  45.25048632]
 [  92.57491666]
 [  73.69942774]
 [ 105.26857115]
 [  79.64364523]
 [  74.79244397]
 [  86.9467431 ]
 [  57.79136052]
 [  66.30703946]
 [  63.06178851]
 [  77.19133508]
 [  12.82419143]
 [   0.62356867]
 [  27.4737603 ]
 [   3.96631196]
 [   6.89994288]
 [  40.38460339]
 [  28.10692994]
 [  13.46757869]
 [  57.51092572]
 [  25.65279186]
 [  20.56498017]
 [  18.01104672]
 [  37.37585749]
 [  31.28224351]
 [  41.69328574]
 [  44.3447184 ]
 [  -3.94211093]
 [ -22.08800591]
 [ -31.55705551]
 [  18.35925194]
 [ -40.16668382]
 [ -48.54126578]
 [ -35.44868149]
 [ -35.52025488]
 [ -10.34847777]
 [  -0.8183558 ]
 [  -6.77361039]
 [ -32.19543319]
 [  34.65781235]
 [ -64.53746415]
 [ -59.20954911]
 [ -65.69798885]
 [-102.84067036]
 [ -98.56758967]
 [ -67.89075156]
 [ -20.4134798 ]
 [-119.26963523]
 [ -71.84731035]
 [ -79.52709965]
 [-104.59209001]
 [-107.34192672]
 [ -92.80230385]
 [ -78.27358851]
 [ -51.58244808]
 [ -86.54982959]
 [ -53.13065174]
 [ -79.58557596]
 [ -68.908063  ]]
Shape of b:(64,)
 CG b:
[-6.06194418e+02  1.00831769e+03  1.72260198e+03  3.55032701e+02
  2.38682407e+03 -1.83401131e+03  4.26077144e+02 -4.18479055e+02
  5.84559679e+02  1.95695087e+02  1.57017203e+02  4.18926655e+02
 -2.86932545e+02  1.34636536e+02 -2.30707534e+02  1.26365893e+02
  6.02478188e+01 -4.96118508e+02  9.40311124e+01 -1.77542312e+02
 -4.36960620e+02  7.45734084e+02 -3.02027178e+01 -1.13305529e+02
  3.87529106e+02 -8.87597385e+02 -4.76116108e+02 -7.08888623e+01
 -1.77255354e+03  4.96706439e+02  1.92424249e+03  1.20795186e+02
  9.85534718e+01  2.39151327e+02 -1.29175650e+03  1.17801334e+03
 -1.31864477e+02 -2.58143841e+03 -4.42771416e+01 -9.12277201e+02
  6.14796645e+01  3.76503392e+03  1.03403635e+03  5.32861284e+01
  4.18439490e+04 -4.15158066e+04 -6.46186970e+02 -8.69112193e+02
 -1.50305034e+02 -2.28107937e+02 -1.09764124e+03  1.94240731e+04
 -4.70713280e+02  1.51326942e+02 -1.38853008e+01 -2.00725839e+04
 -6.82923639e+02 -6.66638128e+02 -3.28524408e+02  5.52694325e+03
 -5.59078469e+01  5.92779998e+02 -3.80515817e+02 -5.33589094e+03]
[CG] last iteration: 47, residual: 3.390562720472988e-09, time: 1.241883ms