A*x = b
Shape of A:(64, 64)
 A:
[[19.71978161 -3.10330639  0.         ...  0.          0.
   0.        ]
 [-3.10330639 12.08641594 -5.34447747 ...  0.          0.
   0.        ]
 [ 0.         -5.34447747 35.50143608 ...  0.          0.
   0.        ]
 ...
 [ 0.          0.          0.         ... 15.74962304 -2.39868259
   0.        ]
 [ 0.          0.          0.         ... -2.39868259 29.58058575
  -7.16819284]
 [ 0.          0.          0.         ...  0.         -7.16819284
  20.35534323]]
Shape of x:(64, 1)
 CG x:
[[  61.81630906]
 [ 118.65310956]
 [ 107.02396579]
 [  82.29454209]
 [  85.28552634]
 [  63.03080487]
 [  99.21802419]
 [  82.29069893]
 [  57.38278748]
 [  94.14865078]
 [  76.50373093]
 [  81.84567947]
 [  64.90411834]
 [  87.33673371]
 [  49.88961479]
 [  85.8470884 ]
 [  19.21154927]
 [  51.63009708]
 [  49.22245224]
 [   9.39996702]
 [  25.03335308]
 [  38.98106259]
 [  39.39931034]
 [  16.46571236]
 [  22.87088928]
 [ -11.74572707]
 [  60.01960813]
 [   5.88982716]
 [  42.18104132]
 [ -32.1471226 ]
 [  14.02564003]
 [  28.57860292]
 [  10.62683104]
 [   3.82541973]
 [ -22.17612837]
 [  24.26813586]
 [ -27.44348017]
 [  -0.58076747]
 [ -19.67008766]
 [ -48.98181086]
 [   4.64290832]
 [ -22.69029195]
 [ -57.78234879]
 [ -51.10641053]
 [  19.17519499]
 [ -50.64052332]
 [ -73.68894298]
 [ -72.59725118]
 [-111.78036701]
 [ -71.21580946]
 [ -41.92886048]
 [ -75.52596765]
 [ -97.2527156 ]
 [ -75.78368101]
 [-108.14942583]
 [ -68.67726489]
 [ -81.39853419]
 [-119.75611502]
 [ -75.85764092]
 [ -78.08625304]
 [ -75.66176954]
 [ -94.18470606]
 [ -85.97909346]
 [ -30.42989035]]
Shape of b:(64,)
 CG b:
[  272.81218097   483.05946257  1254.43138432   -90.74146582
  1994.28018628 -2922.50043153  3057.85932141    45.12473293
  -959.69275237   483.67671143   -59.9984908     71.01728655
    27.60186983   274.98424567  -648.633543     531.27210937
  -276.97268882  1424.53853312  3334.45350662   188.30714483
   314.07733904  1719.17006898  -184.77591992    10.05051419
  -220.17672697 -3463.60140976  1317.88574055 -1018.22281143
  -138.62813578 -1023.94116002  -215.04677978   123.08874992
   124.31915028   755.36500901  -835.88807711  3504.35500541
  -651.59912945   -94.73038082   310.72437977 -3442.60796246
   413.1527038  -2520.10297622  -980.27430818   -70.8414009
   341.04569716   930.41469     -184.87194139   -85.79400168
  -476.01953839   206.88490139   990.10832263  -323.57019365
  -288.73512308   378.87190307 -1673.19261335   132.30150928
   261.6841807  -1347.15999103   925.11302492 -2031.55903026
   -11.97036438  -165.61630352  -589.56504129   794.99912715]
Shape of proveB:(64, 1)
 CG proveB:
[[  273.69945594]
 [  481.2044139 ]
 [ 1253.63910888]
 [  -90.07922129]
 [ 1995.94195382]
 [-2922.91855505]
 [ 3057.56608664]
 [   45.04000535]
 [ -958.2961212 ]
 [  485.02183799]
 [  -56.38661105]
 [   70.82745281]
 [   28.13877329]
 [  274.86640962]
 [ -647.72588721]
 [  531.2109067 ]
 [ -282.00334392]
 [ 1423.44635322]
 [ 3332.71646835]
 [  189.13277916]
 [  316.1080484 ]
 [ 1718.79718887]
 [ -186.24945631]
 [    9.24924977]
 [ -219.21318508]
 [-3463.76326432]
 [ 1316.36489911]
 [-1020.86679902]
 [ -137.82615859]
 [-1025.05657038]
 [ -215.55976233]
 [  122.65428369]
 [  125.68997178]
 [  758.03835169]
 [ -836.28818861]
 [ 3504.40321002]
 [ -651.34634948]
 [  -96.79542364]
 [  308.89039999]
 [-3442.43325902]
 [  414.88558436]
 [-2520.78808235]
 [ -977.48759844]
 [  -70.43371239]
 [  340.18132106]
 [  932.1583124 ]
 [ -185.56008436]
 [  -86.31683792]
 [ -474.76513034]
 [  209.59537749]
 [  989.87528897]
 [ -323.80564031]
 [ -287.98069666]
 [  380.3707403 ]
 [-1672.59231632]
 [  130.46575496]
 [  261.96371065]
 [-1350.72493196]
 [  925.20651391]
 [-2030.20938282]
 [  -11.32165248]
 [ -168.55443231]
 [ -588.30237408]
 [  794.30081617]]
CG proveBNorm:11.313704421299203
