A*x = b
Shape of A:(10, 10)
 A:
[[  63.2281903    -1.21339046  -14.07540868   -3.43692365  -25.67738287
    -2.7043714    -9.08478233   -1.21569981   -4.68322182   -1.13700928]
 [  -1.21339046  622.09858844 -187.54760279  -15.46326495 -360.52350315
    -7.81945525  -13.69032756  -26.62213824   -2.81963238   -6.39927366]
 [ -14.07540868 -187.54760279  267.93713736   -4.54265439   -5.18272732
    -7.04387444  -11.93376514  -21.73502881  -12.22658357   -3.64949221]
 [  -3.43692365  -15.46326495   -4.54265439  140.45444131   -9.74610962
   -13.48304108   -5.71118785   -1.45736682  -15.71840132  -70.89549161]
 [ -25.67738287 -360.52350315   -5.18272732   -9.74610962  647.18014345
    -6.56657306   -2.63357312 -101.17950946 -134.56690726   -1.10385758]
 [  -2.7043714    -7.81945525   -7.04387444  -13.48304108   -6.56657306
    54.46632649   -1.79822831   -1.29057261   -8.3731317    -5.38707863]
 [  -9.08478233  -13.69032756  -11.93376514   -5.71118785   -2.63357312
    -1.79822831   97.50967356   -9.53073885  -25.99578826  -17.13128213]
 [  -1.21569981  -26.62213824  -21.73502881   -1.45736682 -101.17950946
    -1.29057261   -9.53073885  176.41672154  -12.17117353   -1.21449341]
 [  -4.68322182   -2.81963238  -12.22658357  -15.71840132 -134.56690726
    -8.3731317   -25.99578826  -12.17117353  222.09492672   -5.54008689]
 [  -1.13700928   -6.39927366   -3.64949221  -70.89549161   -1.10385758
    -5.38707863  -17.13128213   -1.21449341   -5.54008689  112.45806539]]
Shape of x:(10, 1)
 CG x:
[[ 4.15145162]
 [-4.66620194]
 [ 0.12125031]
 [ 4.57900896]
 [-0.11496382]
 [ 2.57571074]
 [-1.6504864 ]
 [-4.59985349]
 [ 2.14324124]
 [-2.53915723]]
Shape of b:(10,)
 CG b:
[  260.12875958 -2824.85585983   913.57764077   829.32626302
  1623.25635471   108.3488675   -135.07531871  -700.58616851
   503.12265551  -577.24319403]
[CG] last iteration: 8, residual: 2.4575606311242174e-14, time: 0.0ms