A*x = b
Shape of A:(10, 10)
 A:
[[ 185.57726359 -103.91907598  -27.85026057   -1.15380265   -4.69399396
    -5.78948785  -34.0719382    -1.32833445   -3.26992648   -3.50044345]
 [-103.91907598  501.84395723  -16.9589604   -85.30943814  -40.19655503
    -6.39134737  -11.29810438 -227.65021349   -6.67381604   -3.44644641]
 [ -27.85026057  -16.9589604    90.01816729   -4.46616116   -2.09363527
    -2.45483643  -14.77608325   -2.81330877  -17.60289625   -1.0020252 ]
 [  -1.15380265  -85.30943814   -4.46616116  179.7440717   -12.01225259
   -14.1820088   -49.14078415   -1.39790853   -9.45375527   -2.6279604 ]
 [  -4.69399396  -40.19655503   -2.09363527  -12.01225259  128.51264491
   -22.64202748   -4.11319559  -22.57655748  -17.83581887   -2.34860863]
 [  -5.78948785   -6.39134737   -2.45483643  -14.1820088   -22.64202748
   129.6014567    -1.97539347   -2.13221304  -68.36238404   -5.67175822]
 [ -34.0719382   -11.29810438  -14.77608325  -49.14078415   -4.11319559
    -1.97539347  145.0910121   -13.73543917   -6.12900927   -9.85106461]
 [  -1.32833445 -227.65021349   -2.81330877   -1.39790853  -22.57655748
    -2.13221304  -13.73543917  284.11014195   -9.04536709   -3.43079994]
 [  -3.26992648   -6.67381604  -17.60289625   -9.45375527  -17.83581887
   -68.36238404   -6.12900927   -9.04536709  139.9119384    -1.53896511]
 [  -3.50044345   -3.44644641   -1.0020252    -2.6279604    -2.34860863
    -5.67175822   -9.85106461   -3.43079994   -1.53896511   33.41807197]]
Shape of x:(10, 1)
 CG x:
[[ 4.30813664]
 [-0.18194203]
 [-1.41561342]
 [ 5.498386  ]
 [-1.92144217]
 [-0.21965264]
 [-2.2521944 ]
 [-7.12902394]
 [ 3.15883887]
 [ 0.15450709]]
Shape of b:(10,)
 CG b:
[  937.10786349   721.33359755  -266.7475486   1121.74263623
  -204.44020108  -280.41658034  -635.40707829 -1947.75535766
   529.36177825    25.22089046]
Shape of proveB:(10, 1)
 CG proveB:
[[  937.10786349]
 [  721.33359754]
 [ -266.7475486 ]
 [ 1121.74263623]
 [ -204.44020108]
 [ -280.41658034]
 [ -635.40707829]
 [-1947.75535766]
 [  529.36177825]
 [   25.22089046]]
CG proveBNorm:4.4721359550014315
last iteration: 8, residual: 2.4301666257917884e-17